image: map.pgm
resolution: 0.0550000
origin: [-9.000000, -22.200000, 0.000000]
size:   [ 31.08, 16.44, 2.0 ]
negate: 0
occupied_thresh: 0.65
free_thresh: 0.196